00000000000000000000000000000100
00000000000000000000000000001000
00000000000000000000000000001100
00000000000000000000000000010000
00000000000000000000000000010100
00000000000000000000000000011000
00000000000000000000000000011100
00000000000000000000000000100000
00000000000000000000000000100100
00000000000000000000000000101000
00000000000000000000000000101100
00000000000000000000000000110000
00000000000000000000000000110100
00000000000000000000000000111000
00000000000000000000000000111100
00000000000000000000000001000000
00000000000000000000000001000100
00000000000000000000000001001000
00000000000000000000000001001100
00000000000000000000000001010000
00000000000000000000000001010100
00000000000000000000000001011000
00000000000000000000000001011100
00000000000000000000000001100000
00000000000000000000000001100100
00000000000000000000000001101000
00000000000000000000000001101100
00000000000000000000000001110000
00000000000000000000000001110100
00000000000000000000000001111000
00000000000000000000000001111100
00000000000000000000000010000000
00000000000000000000000000000100
00000000000000000000000000001000
00000000000000000000000000001100
00000000000000000000000000010000
00000000000000000000000000010100
00000000000000000000000000011000
00000000000000000000000000011100
00000000000000000000000000100000
00000000000000000000000000100100
00000000000000000000000000101000
00000000000000000000000000101100
00000000000000000000000000110000
00000000000000000000000000110100
00000000000000000000000000111000
00000000000000000000000000111100
00000000000000000000000001000000
00000000000000000000000001000100
00000000000000000000000001001000
00000000000000000000000001001100
00000000000000000000000001010000
00000000000000000000000001010100
00000000000000000000000001011000
00000000000000000000000001011100
00000000000000000000000001100000
00000000000000000000000001100100
00000000000000000000000001101000
00000000000000000000000001101100
00000000000000000000000001110000
00000000000000000000000001110100
00000000000000000000000001111000
00000000000000000000000001111100
00000000000000000000000010000000
00101111011000000110010110001001
01100110110111011001110110110110
10100100100011000100001011000001
01111110101001101110011011101101
11010000101101000001111011010001
10000000111011100101110000011101
01001001001101111010101010111101
11110100110111100101010000111011
00101101010001111110111101100010
10101100101011011100101100010011
11011101011101010100111111101110
00110111010111000100100111101100
01101101111100110000110000110101
10110110010010011101110111010111
11001110111000110011100000101010
01001010111011100101111010100000
11100000100101000001001111101110
00110010101000000100000010111100
10001001101110100111101111110100
01100001010001011100100001000100
10101000110011100001101111100111
11010101011101000100011110011110
00011111010000001101000111110111
01011100101000110011101111100000
11110010110001001001001010111011
00010100010100100111000100001110
10000101101111111011001111100101
01100111110011101000110110101100
10100011110010111001101000110001
11001111100101100010100111001100
00100100110001001010001100001111
10011110011011011110000100111110